CELL_IDS
  68752 68751
  68753 69267
  68756 68755
  68758 69268
  68761 68760
  68763 69269
  68766 68765
  68768 69270
  68771 68770
  68773 69273
  68776 68775
  68778 69275
  68781 68780
  68783 69277
  68786 68785
  68788 69278
  68791 68790
  68793 69280
  68796 68795
  68798 69283
  68801 68800
  68803 69286
  68806 68805
  68808 69289
  68811 68810
  68813 69291
  68816 68815
  68818 69293
  68821 68820
  68823 69296
  68826 68825
  68828 69299
  68831 68830
  68833 69302
  68836 68835
  68838 69304
  68841 68840
  68843 69306
  68846 68845
  68848 69308
  68851 68850
  68853 69312
  68856 68855
  68858 69315
  68861 68860
  68863 69318
  68866 68865
/