0.765152260705464 0.716385360136697
0.344898364361036 0.259344235730078
0.466276131742934 0.289470390628258
0.646158597472021 0.195116347358467
0.745713565409965 0.195116347358467
0.400857214043814 0.309713315160316
0.248239968201817 0.816180648386446
0.174695536341542 0.776256528233725
0 0
0 1
1 0
1 1
1 0.960000000000001
1 0.920000000000001
1 0.880000000000002
1 0.840000000000002
1 0.800000000000003
1 0.760000000000005
1 0.720000000000006
1 0.680000000000007
1 0.640000000000008
1 0.600000000000009
1 0.560000000000009
1 0.520000000000009
1 0.48000000000001
1 0.440000000000012
1 0.400000000000013
1 0.360000000000014
1 0.320000000000012
1 0.280000000000011
1 0.240000000000009
1 0.200000000000008
1 0.160000000000006
1 0.120000000000005
1 0.080000000000003
1 0.040000000000002
0.039999999999999 1
0.079999999999999 1
0.119999999999999 1
0.159999999999998 1
0.199999999999997 1
0.239999999999996 1
0.279999999999995 1
0.319999999999994 1
0.359999999999993 1
0.399999999999991 1
0.43999999999999 1
0.479999999999989 1
0.519999999999988 1
0.559999999999987 1
0.599999999999986 1
0.639999999999985 1
0.679999999999987 1
0.719999999999988 1
0.75999999999999 1
0.799999999999992 1
0.839999999999993 1
0.879999999999995 1
0.919999999999997 1
0.959999999999998 1
0 0.039999999999999
0 0.079999999999999
0 0.119999999999999
0 0.159999999999998
0 0.199999999999997
0 0.239999999999996
0 0.279999999999995
0 0.319999999999994
0 0.359999999999993
0 0.399999999999991
0 0.43999999999999
0 0.479999999999989
0 0.519999999999988
0 0.559999999999987
0 0.599999999999986
0 0.639999999999985
0 0.679999999999987
0 0.719999999999988
0 0.75999999999999
0 0.799999999999992
0 0.839999999999993
0 0.879999999999995
0 0.919999999999997
0 0.959999999999998
0.960000000000001 0
0.920000000000001 0
0.880000000000002 0
0.840000000000002 0
0.800000000000003 0
0.760000000000005 0
0.720000000000006 0
0.680000000000007 0
0.640000000000008 0
0.600000000000009 0
0.560000000000009 0
0.520000000000009 0
0.48000000000001 0
0.440000000000012 0
0.400000000000013 0
0.360000000000014 0
0.320000000000012 0
0.280000000000011 0
0.240000000000009 0
0.200000000000008 0
0.160000000000006 0
0.120000000000005 0
0.080000000000003 0
0.040000000000002 0
0.193290347139685 0.786350854095574
0.21155498243601 0.796265941827865
0.229733468674009 0.806134262928492
0.25424951545583 0.796237690073681
0.259971081208326 0.777250411587833
0.265782033959139 0.757966498246518
0.271503599711636 0.73897921976067
0.277408426419643 0.719383781384966
0.28312999217214 0.700396502899119
0.289173946451565 0.68033936329374
0.295243526164504 0.660197184511417
0.300965091917001 0.641209906025569
0.30686543166613 0.621629357828786
0.312586997418627 0.602642079342938
0.31843946385363 0.583220400935764
0.324161029606127 0.564233122449916
0.329882595358625 0.545245843964068
0.336229870099334 0.524182121489948
0.34195143585183 0.5051948430041
0.348275144743859 0.484209324880153
0.353996710496356 0.465222046394304
0.359822996794859 0.445887247971395
0.365544562547356 0.426899969485547
0.371273027536182 0.407889795567368
0.377568709541404 0.386997285953312
0.383290275293901 0.368010007467464
0.389280002041346 0.348132824415213
0.395001567793843 0.329145545929365
0.754633864733067 0.214360409225228
0.761055191480991 0.233650752100994
0.765296511325109 0.253421972680683
0.767347287233744 0.273538738708139
0.767182853698123 0.293759097726792
0.764805188426681 0.313839851325395
0.759380671490251 0.336422472657335
0.752378094071261 0.35539228727746
0.743121611744483 0.373863764720482
0.731943861317498 0.391064638425638
0.718311133950393 0.407581549072647
0.703467710653883 0.421881165748424
0.687443264431768 0.434214335677741
0.670164646666835 0.444718588405287
0.651315723464523 0.453476927993694
0.632145025138335 0.459909212418152
0.611950059895207 0.464272848840098
0.591833892856518 0.466329491955073
0.571613486738912 0.466170955934136
0.551532040520115 0.463799147553937
0.529487369313665 0.458546307902655
0.510494190373292 0.45160735185943
0.492375077753867 0.44263028579554
0.474812434730898 0.431335585927121
0.457570738271308 0.417141018226921
0.443206622991707 0.402183460737655
0.430904296908816 0.386135322833803
0.420175051152501 0.368349976761586
0.411433942908284 0.349265552588787
0.405117438063879 0.330056395299061
0.725802571822377 0.195116347358467
0.705891578234788 0.195116347358467
0.685980584647199 0.195116347358467
0.66606959105961 0.195116347358467
0.662881420351727 0.205389478787907
0.678305824476678 0.218695336877734
0.690920757373079 0.233730412615883
0.701014394125436 0.25056218410744
0.708474118881644 0.269217440908158
0.71276884303501 0.288368038258608
0.713998604355035 0.30795573137261
0.7121328015215 0.32749310105788
0.70721786308037 0.346493980367861
0.699225760130903 0.364766537715482
0.688222731688568 0.381780177810524
0.674932618319557 0.396473773144742
0.658973057276813 0.409212823991777
0.641868692645589 0.418837310731063
0.623463641037017 0.425652302273122
0.604215892850312 0.429488214703529
0.584604408104903 0.430249595365983
0.565117198022861 0.427917498101519
0.54371075150854 0.421578397626504
0.526095928856801 0.412923453526145
0.508117732019341 0.399956426906162
0.493074785332437 0.384435725510103
0.481181921107864 0.366968520637293
0.472932759098662 0.34916005746445
0.467524754312961 0.329963350824643
0.465264763951698 0.310467646733753
0.364818721771792 0.264288500119909
0.384739079182548 0.269232764509741
0.404766071930242 0.274203495959788
0.424686429340997 0.279147760349619
0.444606786751753 0.28409202473945
0.181204267033857 0.756489272057066
0.187688970669768 0.736794986940597
0.193836784147657 0.71812384971145
0.199984597625547 0.699452712482303
0.206604828583638 0.679346825868841
0.213027875337519 0.659839794986686
0.219293262521925 0.640811582056267
0.225790650890655 0.62107877293642
0.231938464368545 0.602407635707274
0.238584711683896 0.582222736453245
0.244732525161785 0.563551599224098
0.25132892909339 0.543518076172558
0.25747674257128 0.524846938943411
0.26362455604917 0.506175801714264
0.269772369527059 0.487504664485118
0.276474527403636 0.467149962785886
0.2826227354422 0.448477627261357
0.28877054892009 0.42980649003221
0.295267266084202 0.410075719385646
0.301415079562092 0.391404582156499
0.307812109958712 0.371976563914912
0.313959923436602 0.353305426685765
0.320307110449477 0.334028784646665
0.326454923927366 0.315357647417518
0.332602737405256 0.296686510188371
0.338750550883146 0.278015372959225
0.783300508376124 0.721178003284925
0.796910349923471 0.734635381537801
0.801899403817715 0.754002508201399
0.796683489510397 0.772033663455586
0.782762462211562 0.785406674552751
0.764536470766845 0.789894609235763
0.746471060711632 0.784798602819082
0.733277203217541 0.771447556182676
0.728396935401118 0.752770955504293
0.733588338349235 0.734306140799167
0.747004013034805 0.721178003284925
0.966202294555526 0.933984511219542
0.964173620178073 0.898201216208258
0.965540694797181 0.85875787866973
0.966562181742901 0.818717496143609
0.96666639942425 0.778699184453885
0.966554800492589 0.739247728202683
0.966571835927915 0.69982548251009
0.965999843706998 0.660170880342418
0.965138267046228 0.620554051945008
0.964983315626298 0.580613809735787
0.965364563676465 0.54055011142273
0.966014605683053 0.500507222226784
0.96658462011485 0.46047638767129
0.966687382086398 0.420462259421325
0.96621373228306 0.380524238870093
0.965107633971486 0.340568104624112
0.964047627238791 0.300811789485452
0.963991455792235 0.261315448708015
0.964940868700988 0.222026163241733
0.966274911884551 0.183075282676069
0.967135666121007 0.144441465810177
0.966915084925828 0.10651134426081
0.96570084621605 0.069724967527494
0.963637471175232 0.034225538800338
0.056443620316439 0.967768135242316
0.099029363789279 0.968097983883247
0.139135239036374 0.963946463395907
0.180331816095037 0.961734944906274
0.222052836049417 0.960890966597231
0.26334080041116 0.960633228732374
0.302208381546363 0.964381830554631
0.341684930188688 0.967516811699176
0.380525849180262 0.966233511492358
0.420007527457823 0.965241463511805
0.459931183886591 0.964787603286951
0.500026073559843 0.964761303387454
0.540107154075035 0.964990150133042
0.580102983861517 0.965327377075426
0.620075963726387 0.965582730668045
0.660189683498927 0.965292454284028
0.700394101715588 0.964196488345426
0.740486758826465 0.963028194085646
0.78043849810478 0.96324705536444
0.820421159499934 0.964854390564819
0.861033509401977 0.965415535699385
0.902554395861563 0.963820955890282
0.944707314465512 0.964660600849277
0.041554225780267 0.052073165916793
0.041049890018415 0.094513648804981
0.039610339554543 0.136243344977093
0.039486743938006 0.177007414167791
0.039546028059462 0.217468542167763
0.039481572221261 0.257807295464547
0.03934197920724 0.298050905056072
0.039252057375425 0.338222144368329
0.039201776889611 0.378333032599057
0.039135501204336 0.418407476612373
0.03918331013388 0.458469706372182
0.03945323528028 0.498428389785266
0.039700608920485 0.538213721497005
0.039169330251118 0.577846529042062
0.038096871481763 0.617705968450107
0.037745070925715 0.65780735216784
0.037802131405193 0.697550941790657
0.037786209090215 0.73717922442536
0.037733674861174 0.776628774587916
0.03809951582469 0.816021337819623
0.039104638983693 0.855315645689133
0.040186341820348 0.893911038653015
0.042031425763506 0.93169708291515
0.925493674492878 0.030479060531496
0.886391473281 0.028083130030207
0.846724910533798 0.02692361122832
0.806728704325374 0.026994567286289
0.766806706313158 0.02801909370846
0.727423639549365 0.02914366457928
0.6880181264243 0.029413451436286
0.648387313138085 0.02961864463742
0.608530108957419 0.029802663897718
0.568316551809353 0.029554708190237
0.527680714968505 0.029588329434921
0.487255917455244 0.030836068721712
0.446997172814788 0.03179172067161
0.406864339373759 0.031840284006641
0.366851532250798 0.031134980980656
0.326942242951776 0.030339070782911
0.2872262494917 0.029832261981497
0.247783589756453 0.029459506466305
0.208079543928608 0.029490904222718
0.167606671822677 0.030657103145767
0.125678239661177 0.032623078471007
0.080969917311119 0.030485245535194
0.168383387607893 0.800319168685411
0.210556377798334 0.823554537483311
0.272389427814117 0.816375386226743
0.282882198730866 0.77786181357455
0.292969833409104 0.736112236817997
0.306178789941078 0.697052791717793
0.318944548054518 0.657050118295635
0.326727225148033 0.617688040441903
0.341393003389248 0.580669641403183
0.354377163578672 0.540520110931645
0.364187751175718 0.500496455170203
0.376356267235808 0.460450531402642
0.387506051520239 0.421396293043716
0.394016948542036 0.381652456692344
0.768754512295494 0.19659377498742
0.776644743638006 0.217545479084976
0.782566291352937 0.237822688186531
0.788119846199234 0.260340927481251
0.790789930288777 0.282959271334827
0.787908243351441 0.306218291203164
0.782753001255144 0.32952476614054
0.776429937027028 0.353033829700255
0.767299993007354 0.37402744877114
0.754530162959633 0.393435042436321
0.740992633939581 0.411246300248505
0.724681293518716 0.429121122537441
0.708141785976116 0.443799778714139
0.689989514295679 0.457490695070921
0.670324562108194 0.468520384658876
0.648287254312985 0.477222866767089
0.626388339988561 0.483165789462726
0.604339607323224 0.485522095509795
0.581491120752182 0.486438467806079
0.558412389204028 0.484269120769044
0.536434817757639 0.479916837615752
0.513816020101029 0.472877273245032
0.493074856470471 0.464238478705616
0.471879413877518 0.452758592737491
0.452622935727627 0.437658556800827
0.436542878015274 0.42084290605287
0.42183407568126 0.402411313522238
0.411840695998575 0.384595347521984
0.73902338413556 0.174814579271353
0.695368648223973 0.17451881309135
0.651015948990787 0.173969050157693
0.641658590678818 0.213805706415169
0.668972428788147 0.23556633409262
0.688510792292479 0.266359577272373
0.696736512471388 0.297985322123035
0.692926780655137 0.333327800347909
0.680419247471683 0.36325930744032
0.65674635006176 0.390535390896752
0.627221847728519 0.405571875731742
0.591272933763207 0.411084614376287
0.557948414361764 0.407245323227782
0.527645050481681 0.390537761563701
0.501969512009255 0.366180647046438
0.489513565772653 0.334512256400207
0.483672280932304 0.296323532533811
0.355044184609132 0.239351412805321
0.377153024404064 0.244398531876586
0.398712210723805 0.24847843637764
0.420656439537823 0.254083455370894
0.44247960036638 0.260689571344414
0.466832917851473 0.265660563466797
0.154794731840958 0.765164210282435
0.163466998851176 0.743045201863815
0.170813112661776 0.722789631011873
0.177068431700467 0.703965980807298
0.185082861173955 0.68420769170217
0.19037895669497 0.663707948392866
0.195539457366963 0.644181578628248
0.201109057193949 0.62482638658113
0.209969299271447 0.60557305926464
0.216561761894345 0.584531967631146
0.219669118752217 0.564700460643328
0.226327708899485 0.545568290016363
0.236760124109146 0.528712227545148
0.239711857898522 0.509418617554604
0.246083028255279 0.490170595564704
0.254213637134714 0.471801228158226
0.26138578155394 0.453027443188506
0.267436391390681 0.433443014292733
0.272657743961262 0.413178291585067
0.277796932842961 0.393774285642096
0.281878215577371 0.374252160766244
0.288885398828235 0.355006947944239
0.297706798656218 0.336443124644631
0.303314024059654 0.317255165685332
0.308493790584285 0.297780760848038
0.314969802813447 0.278320175948916
0.323759091128017 0.257302979937378
0.785366979928018 0.699300779923689
0.808849703106164 0.712285528206834
0.821081205648809 0.734426429459094
0.817956692210763 0.775332817558528
0.802132414856212 0.795000497398611
0.780501722580768 0.810780307712671
0.75385968965037 0.81010795829862
0.721584826138857 0.789019891392845
0.713229926572436 0.766287401249902
0.708810953241798 0.743409234395175
0.729507950659767 0.710616515317945
0.748698694328538 0.700846230898792
0.14475034366014 0.788650406187953
0.29799365566472 0.716378396277966
0.288569485501396 0.756591810270945
0.229827585740646 0.82925358834382
0.189656403349677 0.812138756912256
0.26543445284874 0.839856802363098
0.273469552775383 0.79519412810092
0.31233012517608 0.677236088946209
0.322922469720504 0.636926836677324
0.334245874902156 0.598771924647835
0.348840640047498 0.560795956391696
0.360035634081552 0.520931763075067
0.36983367034751 0.479562334697492
0.380540330174157 0.440977809730132
0.395747589264931 0.401491686028084
0.4023523589982 0.365817977802445
0.717685650519962 0.174929236507601
0.673063246314315 0.172875174152189
0.620178077822673 0.202950608540193
0.659150321948085 0.221115884018658
0.678764580994595 0.250333223307349
0.697816383432165 0.281171918098573
0.695494084059303 0.315723811957153
0.6915040252265 0.350346430286681
0.668329544969674 0.37772353958451
0.643468730122172 0.403323226244107
0.608982607332894 0.407788135863942
0.574711729963153 0.414545358166029
0.541668819838928 0.404013733914373
0.511770687345712 0.381409619156034
0.490796686253809 0.352645806631926
0.486964189472449 0.31598896136381
0.332424724428829 0.236582998739227
0.492870039637947 0.272032261401329
0.767504309533936 0.687354702239754
0.762032625156434 0.175581650555466
0.24361152022336 0.851327226415067
0.62457085110626 0.179335946150466
0.312584547679727 0.732175869852111
0.929762129193225 0.877730428532608
0.932777492417465 0.837153332126945
0.934042720922709 0.7970831814876
0.932597681182146 0.757369391766924
0.933136258106589 0.71934932481774
0.933290418189529 0.680224127485835
0.930565627488265 0.641523200616014
0.929717096803572 0.60150238612653
0.9300997623072 0.560998478400277
0.931275759188203 0.520749271916016
0.932801674218234 0.48073964959341
0.933728049960902 0.440886326929336
0.933274527903074 0.401189091618802
0.931850659747811 0.361734351016692
0.928672831794954 0.321682662797114
0.926915764037001 0.282057028766616
0.92824345068876 0.242629534144361
0.930707112393491 0.204098725941502
0.933615944335711 0.166518990031039
0.934472955057889 0.129772982526948
0.93274211018047 0.094753849822788
0.929580650487709 0.062052708561655
0.141363292616282 0.820396978665442
0.114981702589762 0.931122466860768
0.157616070992327 0.924375515951725
0.202234230438445 0.922936417494512
0.246594426650957 0.921318034413587
0.291686131311297 0.918420375055206
0.32547696127805 0.936790195709407
0.360720928907821 0.933438933375802
0.399460290087947 0.931054428677843
0.439498390222697 0.929711320665761
0.479951544224328 0.929364185406238
0.520361298659314 0.929649915946938
0.560466826979683 0.930260661574793
0.600273743597591 0.931021858493905
0.639962786928055 0.931500549035041
0.680058098155043 0.930118647542246
0.720381155288368 0.926684747165458
0.761078002904994 0.924660265817216
0.801659132953635 0.927619822848263
0.840946374032691 0.932062000130622
0.881508146877688 0.930751725801387
0.925584510911152 0.923051815045233
0.08757732980482 0.06831490089462
0.078746378685726 0.112941059084576
0.078624127868631 0.153859426878141
0.079046570386119 0.194672044518368
0.079086079763327 0.235494833692715
0.078782113089624 0.27613707414623
0.07846827848185 0.316519922312206
0.078416878263544 0.356808393415333
0.078325513892629 0.397009466481484
0.078058833787043 0.437160942991906
0.078394491381588 0.477249341254953
0.079396840420345 0.516935112850229
0.080025678875481 0.556542636363908
0.077420565615103 0.595869337441501
0.07463013043852 0.635850986201716
0.075825006186968 0.675964088542454
0.075621863024849 0.714929678966092
0.075547948660281 0.75442113096724
0.075441811133756 0.792568446590961
0.076411258031685 0.831515248156255
0.07963269459251 0.870437636998925
0.343037245650075 0.632000806472002
0.332957967825987 0.695259708814234
0.078710603962767 0.940931163007923
0.891927589644121 0.056793463912464
0.853379136349905 0.053882409253866
0.814119717991635 0.053433691960436
0.774295121020482 0.055468270193639
0.735424563862974 0.05849923605916
0.696484691023185 0.058920428165534
0.657478788655504 0.059087509573334
0.617766613653494 0.059811334573853
0.577284026955329 0.059202547775427
0.536143475194123 0.05825175046951
0.495637645659153 0.061107746124959
0.454905331210159 0.063652123433381
0.414091995670989 0.064247834897263
0.37368747567191 0.06279896795318
0.333755934498911 0.060965914974354
0.294241582165051 0.059956833838837
0.255339423682734 0.059390983397008
0.217292612860755 0.058390805123479
0.177515936424286 0.060106203518673
0.137942202447047 0.064244841574923
0.29915987532767 0.807536687900181
0.292191549655631 0.840972407635051
0.186379767373444 0.844529333742521
0.167051616367219 0.826933666527259
0.313987980957117 0.753872376263312
0.115997776387716 0.770688584861907
0.311844930769642 0.780250636607992
0.507274090183762 0.296159902673808
0.370169405960071 0.580602897206366
0.381444720024251 0.537703730798192
0.361353116298334 0.600783918682093
0.390088153431394 0.495375741831968
0.399550263845682 0.454729826875905
0.793343631319465 0.19859726033237
0.375998438173265 0.558176125293362
0.488322271338073 0.244717262864092
0.306621711264272 0.234151852495651
0.782190880770902 0.395100432871036
0.618868818619737 0.50711136655439
0.426584733817474 0.443103445935626
0.618598202514538 0.228935286957328
0.411535390469168 0.419574406574336
0.802955580001149 0.220427625964339
0.73173103417945 0.146440283041867
0.597028681086818 0.188619867757473
0.644005306959182 0.234453756121656
0.66063429397985 0.146608421876072
0.666883392117434 0.269297854335691
0.675534419812527 0.323101118800597
0.647292196829269 0.370445627739795
0.593918298255251 0.388882275246219
0.551685747797498 0.381844687225448
0.806972083884498 0.685335494955393
0.392057653846351 0.220821703741051
0.415971473676562 0.224795805295419
0.438981577348522 0.230993098007354
0.462126527312545 0.238653324190458
0.141665851255561 0.725109243204351
0.154039931071707 0.707190802615066
0.156637909659636 0.686973035758183
0.168450731508102 0.669109014414651
0.168304148655085 0.648377611143287
0.172737232632352 0.626832318395763
0.180611319840406 0.60653652659077
0.192330771318693 0.588368386671369
0.191792062954307 0.566736461233442
0.196331437627137 0.542771802328091
0.208542940625626 0.519436745769622
0.215227774920355 0.492395401115087
0.22647964340354 0.471824933330743
0.239947887705998 0.456850275563562
0.2412650189265 0.437157593789233
0.246821579470773 0.417378521593791
0.251893415207894 0.396504454544482
0.254784072741481 0.375552789824969
0.258530075863178 0.354955136788313
0.266715924209785 0.335069163658299
0.279629627092625 0.319381794675372
0.281477705075081 0.299010467111312
0.28757938900239 0.278756028114575
0.296228437530417 0.257014465764034
0.836822598598657 0.712664992896586
0.213706029114648 0.854134483304592
0.813028429233255 0.243808423147573
0.819870622915881 0.268050292136104
0.818468738858217 0.294838400748418
0.812880827179454 0.321717533303704
0.804693534803489 0.347715159364531
0.767797977601299 0.416990605221215
0.751846261981839 0.437447141631385
0.732914046795385 0.455326735649712
0.712673172540104 0.47085691801501
0.691833274020329 0.48459841068103
0.668815141943985 0.496305500753312
0.594109446769121 0.508756193274186
0.568887023191264 0.508350180677476
0.493746331911818 0.49071298434034
0.543868416329647 0.505127223406443
0.519118084074196 0.49958952888673
0.469543849922582 0.477894069417031
0.448284191138186 0.461379963318767
0.685709128928269 0.146329222265326
0.386323920431652 0.516263734001336
0.654006254626383 0.252299417704646
0.680409488756341 0.284780413618453
0.677204182581102 0.304026760454446
0.675567682784055 0.342708253662479
0.659905883761593 0.355988494707267
0.634548210031846 0.385958674814595
0.613657953977553 0.386360235664864
0.573961333245482 0.394444901840199
0.528572554374858 0.364634173011402
0.510060351807415 0.321292134262224
0.343125175859286 0.212831346440381
0.368204124964954 0.21681226383772
0.135704229726862 0.74870916554847
0.833600914432431 0.756890508074638
0.825628281433182 0.801606925918169
0.80758210281408 0.823510036084424
0.765520488426335 0.832083681673415
0.72990658616413 0.812455210513893
0.695863226277645 0.784724666409176
0.688188104135835 0.758740635043476
0.706639956587868 0.718298704696497
0.731270728586141 0.689019359460684
0.346415580463289 0.651384477599917
0.110569234299706 0.808044595436244
0.323296611307908 0.715438317602275
0.269649859342927 0.876773705364123
0.080682558351306 0.907506956982001
0.643337723817611 0.503058562728968
0.348058063845905 0.615300641079701
0.341675713077464 0.673794882908793
0.794115902090565 0.372610568717532
0.394425728909131 0.473897949298953
0.400667672726149 0.435976505900838
0.785436172143291 0.175979443734189
0.834770633641563 0.685464384359545
0.519216546882539 0.243936450233956
0.590673923639293 0.220326892919126
0.708512941754339 0.151858673578371
0.604057212096602 0.160613520265688
0.788926384616976 0.671199395466567
0.510100605980074 0.344848350722733
0.746738691373685 0.674284869815189
0.754337736483553 0.152146519544604
0.709057188920745 0.690849905056495
0.678294612671213 0.728245753431733
0.668452513887205 0.77943312293014
0.701731631151084 0.813789042074493
0.740458136928399 0.840801860102537
0.788546241895987 0.84467114822155
0.837309334368852 0.833188639121483
0.316327974506401 0.208827926834316
0.527996966459379 0.27213127952086
0.631862902558177 0.149670588765233
0.844677779707652 0.781625314834785
0.854043225512224 0.733279814246041
0.902497757412443 0.814815621730506
0.901523877795519 0.775927574383274
0.893908045697597 0.735393257183824
0.904147529328184 0.69956784399679
0.896625321364867 0.664317589334432
0.894297106661839 0.623744710751912
0.894568021983521 0.581775966769744
0.895508089313091 0.540557195680309
0.898178600226663 0.500424270932463
0.900837918337118 0.460743471130011
0.901530321009385 0.421755352955099
0.899335983975604 0.382939925312886
0.897630939624108 0.345015768727416
0.887618654432119 0.303402857699004
0.890519716473009 0.262499013344274
0.893064047972206 0.223579653494371
0.898094659558798 0.185629931799978
0.902941307762353 0.150581383329645
0.901867064846759 0.116521733623795
0.897008670396723 0.086211306928234
0.845745433671571 0.310804001015139
0.345559793599287 0.77121561616164
0.326675519612303 0.838134415879221
0.181417795405838 0.883806411762583
0.226840455944815 0.886603914471927
0.335801299864049 0.902906663957645
0.37685193265481 0.898143401268085
0.418027895244617 0.895019672046002
0.459457836564984 0.89382854410413
0.500726147575608 0.894009190226461
0.541311256772654 0.894682599875982
0.581161342029389 0.895850593893356
0.620413077308322 0.897306146744917
0.659003745963497 0.898396118563487
0.698535036264096 0.893577182988521
0.738332496037823 0.884741152341087
0.785481360829663 0.886450664319487
0.825540941758949 0.895536578198287
0.859648254078318 0.90292374251735
0.89300698072282 0.892259705929347
0.636850091283797 0.531899373046921
0.114508951799688 0.094951677203339
0.117016258688003 0.130848649046233
0.118552475906919 0.17146493315886
0.118994863387003 0.213037624170046
0.11846488598289 0.254639951807627
0.117757186460755 0.295428641442501
0.117276562304439 0.335601570695053
0.117691013282879 0.376179593211638
0.117123791477254 0.416646572412809
0.11601908936089 0.456956236205172
0.1181079682282 0.496607368944391
0.120355178986534 0.535220255059982
0.122754941005576 0.575970500686795
0.111181134622298 0.615679996218759
0.109201944784745 0.653668349166063
0.108717646029817 0.734064891454947
0.836590940894567 0.341487911227563
0.8599591949778 0.081287914615459
0.823141288268427 0.079153789375835
0.783831497493118 0.081453639706601
0.745693923189283 0.088500975373927
0.705749534722046 0.089021214277238
0.668265878991374 0.0882700453533
0.629922915835693 0.08968430990516
0.587230211263341 0.090391249452296
0.545506650843239 0.085460890772762
0.5065364535176 0.090689543929016
0.465509387593538 0.095791125057894
0.422850037012096 0.098071617285016
0.380988753761445 0.095738004696004
0.340960000456158 0.092098240719813
0.301771456128477 0.090406363748114
0.263026052934178 0.090112793331699
0.225508670608338 0.089378541052498
0.192048973410007 0.085600852820669
0.337487072804449 0.804942140414433
0.336998196339486 0.739874345899258
0.310785359602597 0.874281124369037
0.422463333547755 0.467632444872099
0.645712012889787 0.118398159648258
0.330652418723802 0.182882414371299
0.505598548899298 0.217149284907377
0.761980818328935 0.466384545657833
0.609397611863527 0.123133556494766
0.590183315489368 0.256251429676122
0.715349284663252 0.120559926392924
0.832427841658667 0.222773251480668
0.692095373313225 0.516324494664045
0.409787590051866 0.194563588554159
0.572569861596013 0.170475924763777
0.624841582879512 0.253960896573436
0.657678375669871 0.289903612675212
0.654923986387644 0.333581391527669
0.533870459967504 0.302963033250303
0.623109080237361 0.364993802358728
0.5755679246768 0.36794458106991
0.285556748553002 0.208528517664273
0.533707972645441 0.333188399348921
0.391222353009742 0.606553062453174
0.435752375727245 0.198770165608529
0.413663782810286 0.487720246756531
0.119738770690637 0.694715956881606
0.140906397027827 0.634393958365292
0.14744639084782 0.605772145912753
0.164228055546451 0.580946641298806
0.15942967289608 0.55095475115684
0.162297728713139 0.516446343456494
0.184582826679736 0.493889923545132
0.190150834232028 0.463578079029992
0.214638263436878 0.447025925163439
0.217350623760263 0.422832341094519
0.22724162489249 0.402503863483195
0.224494976661105 0.380294326361786
0.224699139060157 0.355972856579919
0.231633570450495 0.330484211256542
0.248772767914804 0.307503357911378
0.255578309580766 0.279589214256684
0.740050179778042 0.485328343537001
0.85334757079387 0.244360774303069
0.853555105810897 0.279715727326054
0.824953680801625 0.36852281496282
0.799391202047155 0.421764540077709
0.781599877886503 0.445168782605077
0.553751466555004 0.534197398286832
0.664756323795371 0.526437875837596
0.609172148915657 0.535068524065938
0.58171662767857 0.536075252321982
0.469267661015329 0.507676102706274
0.44198453674975 0.491290058660426
0.679179814965356 0.117573839030458
0.555693776611777 0.349613816170081
0.812548323474489 0.395815214297513
0.717089859362869 0.502743880895479
0.897688517936424 0.85374985255593
0.114071350816275 0.846624482924815
0.373043941173416 0.666338013898865
0.154446266311419 0.100354639308992
0.299655307164994 0.180791695262573
0.141448033164548 0.663859883764475
0.5656977178896 0.202031311055086
0.126111217562726 0.88882114212805
0.364169963625632 0.693562540706795
0.720586974277585 0.666866698548437
0.779389541543264 0.149443467809223
0.535564105347077 0.212728652239163
0.384826253355775 0.192004739971308
0.818280119319247 0.658054755422071
0.767032327241951 0.656730682917395
0.525666077241716 0.529072293200914
0.823829252690593 0.199409026150944
0.37414260234366 0.633110713108361
0.654198507663438 0.311473006184064
0.411262940013909 0.532368933761741
0.599345147705253 0.363109841910053
0.637101845327316 0.347165570769447
0.279700957770201 0.234733923473962
0.582586157862404 0.144105582296836
0.809924287670249 0.179950563096441
0.405922708115569 0.555536519119392
0.497174359138958 0.520841743471919
0.480195669971032 0.219224841991246
0.640312787594103 0.273547520275408
0.45920913594147 0.206161697200143
0.55610573387797 0.241418873668783
0.264414597353337 0.25469819856076
0.868089527962496 0.697194877259316
0.867142363362982 0.762746394589012
0.68087979113603 0.694796023998769
0.415321001932728 0.509507377389417
0.65836406267339 0.752954700985828
0.676088213453886 0.804667661260953
0.707732907169594 0.849655645600545
0.763280680152988 0.860068481968315
0.81727718096487 0.859355390939424
0.850245740781577 0.807823337177028
0.358169768160241 0.188058012465394
0.351672783137414 0.717655375865833
0.857471303909676 0.650438879780649
0.859691822229326 0.60342127308698
0.859333939087366 0.560316973121447
0.861079825433344 0.518430416593429
0.867619299905453 0.479169993824721
0.870338490747969 0.440615513222518
0.869730262636241 0.404839036927202
0.866885498401405 0.333300294143167
0.869104054839477 0.165294624400632
0.875403939118998 0.135666670587669
0.86647334536711 0.108934669075116
0.152209212559082 0.854322761743451
0.394479279223967 0.861414220046535
0.437953082659646 0.858036116028734
0.481142501679954 0.85817320681323
0.522729106336389 0.8586701139273
0.563116267484362 0.859754045449875
0.602444445520573 0.862093447993783
0.6409602342863 0.864697736781742
0.675439478965029 0.867992020983961
0.857291953394808 0.866349483561534
0.541271276521328 0.177183463517225
0.15684845237102 0.145358139624085
0.15976166864357 0.189487774261435
0.158479171813233 0.233726433487081
0.157238220274901 0.276168806767075
0.156517331103036 0.315600176944783
0.155148912087449 0.354782066958569
0.158890440090883 0.397051513955862
0.152667636379584 0.43951569361424
0.152927389617722 0.477109414564405
0.874108708946417 0.79395979977329
0.831729599289859 0.107046459430147
0.798806817490913 0.102617387070489
0.553547423678494 0.110439513730133
0.521835346530214 0.119065972148472
0.481967551060676 0.127266507371957
0.435353324675843 0.13391863631685
0.387453947947352 0.13159971117334
0.347983662265355 0.12394483989545
0.310160778196406 0.121145553191492
0.272321597572936 0.120962689278334
0.232304085884401 0.122055612357051
0.192801527209115 0.119125001319104
0.351886622216531 0.867691163425316
0.611085251369198 0.280351302422827
0.691914866383539 0.664609258325285
0.514833378112276 0.18946530298344
0.399881984741558 0.580481617920084
0.79342006692648 0.638311112507456
0.429745129832888 0.169749615275253
0.186417153325308 0.428308240878151
0.191147624881602 0.36921031432317
0.192844259720419 0.336217103552167
0.199415321566724 0.301351482673816
0.224206413556525 0.280466295274103
0.769685572042361 0.497673732333817
0.657183167183582 0.558302992368019
0.626175624226604 0.562509857222056
0.535493700925087 0.561180152491942
0.863167689413744 0.36664279094012
0.859814181069323 0.201783035376337
0.366286423152227 0.743820736815882
0.740198466055172 0.64423685265559
0.809305512652534 0.155095838812841
0.406183975922153 0.660730622388555
0.265453290164823 0.183288496498176
0.812952872513592 0.452139340660247
0.576914200778346 0.12011233036556
0.366735495120747 0.832439437250181
0.319686085700171 0.152242951458627
0.559147426832617 0.315931992620354
0.379274983878484 0.769105351731905
0.710339170578689 0.637974575006994
0.835510208408976 0.423761844372173
0.249770659607614 0.219335251519452
0.462195938887555 0.167049138083514
0.415047310579873 0.631627221730142
0.396615461359614 0.690817542988404
0.719044192416543 0.537178106779574
0.436382571049655 0.548140089765343
0.645417598135472 0.728481799459948
0.63148619080324 0.322717101983959
0.640781390791929 0.775831170820414
0.558454008592497 0.279630541890521
0.611856505584085 0.339637144401024
0.841571159365989 0.391906245722076
0.40367061250749 0.162093221145152
0.632012088629317 0.297632558024364
0.230822759855811 0.250105355694185
0.870903443232939 0.829738750358036
0.793116480415203 0.476089281341274
0.646852460096347 0.804475997325662
0.688855186348693 0.55147293845341
0.375320649688896 0.798723731560997
0.746101018433248 0.518523456032488
0.649475740266615 0.699147673836448
0.471137842291876 0.541197547586594
0.566042187329724 0.56566001199041
0.596729309901912 0.56603754449331
0.442217917794034 0.521710730712323
0.504545100822325 0.553012688414136
0.583703146351604 0.334257890139989
0.351278505143202 0.155971712093906
0.383326123690041 0.718579100417634
0.82569608892556 0.622087877175091
0.424068914118572 0.603018763463255
0.583719608992871 0.29558737952113
0.42956574153903 0.575192144194426
0.825165249023905 0.581456582866815
0.821459695120127 0.537276296660713
0.829195507884144 0.490344297006174
0.200781994826863 0.160919423677906
0.624783052721168 0.751294088991061
0.41376742295681 0.820830820081168
0.462094517116919 0.822284411802774
0.504860561311117 0.822476632820249
0.545931182830851 0.822915874144655
0.586147747447596 0.824817963156246
0.625080315576945 0.830531518123349
0.667977229326043 0.83497273396958
0.549065348795944 0.142941430747069
0.201805764115874 0.214345752715608
0.193936894599443 0.258840273909124
0.198110485124128 0.399146548603301
0.284421359217884 0.15152656199179
0.431789646317374 0.687878319357062
0.803111190018677 0.128561584215375
0.507152991799898 0.156492083736944
0.246676135716418 0.153289811649477
0.399664828689105 0.746716447274946
0.65871183094554 0.66471136652252
0.840580168272795 0.138255354571641
0.761483261301021 0.119191945808135
0.486391949860549 0.190014582305068
0.677418406389579 0.631887585432299
0.764524005465414 0.622927824100944
0.837302142921008 0.172255743025137
0.643678164603172 0.587882758476949
0.546627563702774 0.595084255786494
0.718311234304859 0.575944615706132
0.376702544012686 0.165051273076528
0.610353330421906 0.789415323000125
0.456472412003326 0.566681701041547
0.842939693923417 0.457388247264882
0.616239530835492 0.715405092922246
0.793198825072631 0.602637014113826
0.443307505212127 0.656158542465198
0.779197740780262 0.531306192663802
0.409847144518184 0.780617388975557
0.751253484920292 0.55324529139894
0.733016902989666 0.611900285911467
0.702344878658408 0.608492881137412
0.231052191137034 0.186783761407295
0.676095506451901 0.590432739411806
0.799742221302483 0.507108461648772
0.607056958414516 0.311104672777546
0.61384411406685 0.59804993970191
0.58113827953675 0.598428990246839
0.483614717285088 0.576176336991814
0.451758499853385 0.624665878518585
0.514334075459605 0.588323695620174
0.417400735633715 0.71879589017713
0.788738716411512 0.565659125098388
0.447481006228834 0.786240213640952
0.488341414879479 0.786423531112304
0.529322320322906 0.785655782026681
0.569674164849572 0.786222229959853
0.434302445400742 0.750758137231465
0.621388597552138 0.673648848247854
0.640347804342077 0.627396469130148
0.469843004506521 0.682958199957545
0.456187544473021 0.594366743824349
0.758174486744833 0.587978136347159
0.591022329592873 0.74824550633427
0.560448404015885 0.626555219751464
0.522097971553481 0.629869812281048
0.57959178114479 0.699825794891409
0.481969906808811 0.646832629371923
0.453915555502801 0.717697730843948
0.472277540803903 0.751023025231725
0.512412540837374 0.748762629915398
0.552953349022221 0.746353148893651
0.510546244872981 0.674111694179453
0.594780054656616 0.64133525636358
0.493195271121458 0.713877472154654
0.486597553467935 0.610901542391733
0.534752971230054 0.708035470131548
0.551497218458569 0.664881689376966
0.202512353384315 0.756423187022541
0.215112242944244 0.714173698381524
0.227653820581377 0.675251719317605
0.239660115994127 0.6363298017702
0.253057554120863 0.597317392703433
0.265166265017681 0.558063880566626
0.277671216092204 0.519699207757342
0.290626213224713 0.481021649940448
0.303024927133878 0.443611014806097
0.315242079369261 0.405223464294679
0.327529667064096 0.366377478135531
0.338076818927957 0.329319859310964
0.351227485477866 0.294375727515069
0.355661489233161 0.27674990940976
0.391612290461834 0.290946340685613
0.429566239673981 0.298416871823906
0.449208240986036 0.303357736938689
0.680894585658942 0.206574876778324
0.696207126245884 0.219304648534785
0.714785345455834 0.231188420673653
0.725095980174947 0.252992338845262
0.728287532879693 0.275869381968474
0.73189114204786 0.299765371758779
0.727672794016975 0.318926422386292
0.733434139325297 0.338811642262428
0.725432086447482 0.364162918225671
0.709428355087025 0.385907671448767
0.695493018294565 0.40157184197577
0.677362957813127 0.41907123029433
0.6577462015045 0.430354819360424
0.637552130288413 0.439173458581671
0.617185322680735 0.444730692086795
0.596118634891171 0.448399915213728
0.573135450037781 0.448019834200723
0.548412058484651 0.442862977619825
0.527431149889356 0.434646492200714
0.503250182828237 0.424742233478408
0.484791384234723 0.407906293429511
0.467807248569378 0.388920876258178
0.460487156702938 0.366604873596859
0.449467575545148 0.346782233418034
0.449984076761689 0.323600104522328
0.732705046092913 0.213059064475069
0.748369947742737 0.24683537880378
0.749882599150645 0.284422101104876
0.745385765328844 0.319373804954726
0.440137156037149 0.367118320138023
0.427618506037878 0.333793223822515
0.236612637565903 0.785446015410825
0.24319099372613 0.765456981473564
0.249130600192166 0.744153843919557
0.254750764868559 0.724803121636306
0.260595087935611 0.70470964071744
0.267293208555473 0.685804258429348
0.27194264650308 0.666617071160027
0.27979269449219 0.645568807255063
0.284815804842589 0.626936443934221
0.290646067652005 0.606748414167689
0.297002836431509 0.588450216785598
0.302070639888997 0.568890189346582
0.308850935610152 0.548957196787495
0.315991008721224 0.530032050344037
0.321896228762246 0.510431685569569
0.327426946944554 0.49107662761603
0.33220190759973 0.470262078418315
0.339375189501574 0.451652620851233
0.344908935570626 0.4320042798093
0.35038645912835 0.413631180861655
0.356704519039404 0.393415305150444
0.363118953246714 0.373320381404697
0.368523534194247 0.354182783126867
0.372691154782067 0.330496621469302
0.382661581105269 0.310161858765918
0.217490407379721 0.772965669477317
0.209001553845316 0.734391428023534
0.221134698571745 0.694024955347208
0.23355911281027 0.655025617354406
0.24595136092989 0.616585787638273
0.259799577383147 0.577669199485796
0.271163439258942 0.539411313438481
0.283616947205145 0.501176984170223
0.296480769751914 0.462177380808267
0.309993465343807 0.423592520094226
0.320982340802442 0.38508625274033
0.333280546834135 0.347827080748678
0.344006877002124 0.311202352161783
0.371382426390907 0.287189360034444
0.411903331390802 0.294503137235834
0.713372449259672 0.210737926046504
0.696922789899213 0.205305719378366
0.738964891527786 0.230824283585613
0.747868811755785 0.265000009852249
0.751867641180322 0.302746907921992
0.449049012354386 0.382557326780207
0.429886104443371 0.352634929173544
0.417718503898649 0.313674256294331
0.232875130787796 0.729222165851002
0.263763094225433 0.631423317655454
0.24391287372211 0.689701963294064
0.274496336052606 0.592391179016665
0.306337179549484 0.49545874341706
0.287596465433807 0.553725596077614
0.238422688207471 0.710758751321059
0.300001351283136 0.515357655757795
0.318143472783899 0.457292929228404
0.330242958896964 0.418551015815029
0.341667797142618 0.378903471073705
0.352217235346806 0.341892478228125
0.362994165841093 0.30950892562152
0.256115385179513 0.651434852602477
0.435003258747414 0.314139305798898
0.269599591751702 0.612529699597864
0.225050694880678 0.751127683489548
0.311924152930947 0.476328059930802
0.324608639887413 0.436725928479798
0.336290111853131 0.400342076142899
0.294368706901627 0.535277172101579
0.250697723821514 0.670827209005195
0.280814167955701 0.573726978270589
0.34739729015815 0.361017513941058
0.354182933581582 0.324113467677255
0.765480992312501 0.732007489652878
0.783632669197785 0.743400441821961
0.783470242037655 0.763316466415035
0.765117367086703 0.774302743725395
0.747354116755947 0.763512614645377
0.747534219742055 0.742480570385399
0.766021450154364 0.753176095567592
